acc_Train:0.9476707880604471
acc_Train_nr:0.956912701386287
acc_Test:0.9292134831460674
acc_Test_nr:0.9393258426966292
Training time:125.53412246704102