acc_Train:0.6846509304358687
acc_Train_nr:0.6888972149369302
acc_Test:0.6719101123595506
acc_Test_nr:0.6752808988764045
Training time:4.601923704147339